1000  ans   diff   2000  ans    dif    3000  ans    dif   4000    5000
5029  5204   175   10067 10419  352    15078 15638  560      20100   25129
4967  4792   -175  9929  9577  -352    14920 14358  -562      19896   24867
462   199    -263  921   392   -529    1425  587    -838     1901    2382
5245  5192   -53   10493 10391 -102    15749 15593  -166     20981   26234

6000    7000    8000    9000    10000
30149   35159
29847   34837
2840    3336
31468   36727

50258  52166  1908
49738  47830 -1908
4718   1938  -2780
52481  52013  -468
